5.773781372021976495e+02 6.029674418592738903e+02
2.558242855613849542e+02 5.183250255553513171e+02
2.487387376687707388e+02 3.684160546678144499e+01
3.595325046157281577e+02 5.602826501237561843e+02
6.094390133928061459e+02 4.553212041298544364e+02
5.079494424357097273e+02 5.305806914321019576e+02
1.459741939606853975e+02 5.687765306759491750e+02
8.727870916167878477e+02 7.947750232060996041e+02
3.553135512968840999e+02 5.331347178154384210e+02
1.052927827766736300e+03 9.487348953906021052e+02
